Pen b
Line (1.350000,-2.380000) (1.350000,-2.380000)
Line (1.350000,-2.380000) (1.350000,-2.380000)
Line (1.350000,-2.380000) (1.350000,-2.380000)
Line (1.350000,-2.380000) (1.350000,-2.380000)
Line (1.350000,-2.380000) (1.350000,-2.380000)
Line (1.350000,-2.380000) (1.350000,-2.380000)
Line (1.350000,-2.380000) (1.350000,-2.380000)
Line (1.350000,-2.380000) (1.350000,-2.380000)
Line (1.350000,-2.380000) (1.350000,-2.380000)
Line (1.350000,-2.380000) (1.350000,-2.380000)
Line (1.350000,-2.380000) (1.350000,-2.380000)
Line (1.350000,-2.380000) (1.350000,-2.380000)
Line (1.350000,-2.380000) (1.350000,-2.380000)
Line (1.350000,-2.380000) (1.350000,-2.380000)
Line (1.350000,-2.380000) (1.350000,-2.380000)
Line (1.350000,-2.380000) (1.350000,-2.380000)
Line (1.350000,-2.380000) (1.350000,-2.380000)
Line (1.350000,-2.380000) (1.350000,-2.380000)
Line (1.350000,-2.380000) (1.350000,-2.380000)
Line (1.350000,-2.380000) (1.350000,-2.380000)
Line (1.350000,-2.380000) (1.350000,-2.380000)
Line (1.350000,-2.380000) (1.350000,-2.380000)
Line (1.350000,-2.380000) (1.350000,-2.380000)
Line (1.350000,-2.380000) (1.350000,-2.380000)
Line (1.350000,-2.380000) (1.350000,-2.380000)
Line (1.350000,-2.380000) (1.350000,-2.380000)
Line (1.350000,-2.380000) (1.350000,-2.380000)
Line (1.350000,-2.380000) (1.350000,-2.380000)
Line (1.350000,-2.380000) (1.350000,-2.380000)
Line (1.350000,-2.380000) (1.350000,-2.380000)
Line (1.350000,-2.380000) (1.350000,-2.380000)
Line (1.350000,-2.380000) (1.350000,-2.380000)
Line (1.350000,-2.380000) (1.350000,-2.380000)
Line (1.350000,-2.380000) (1.350000,-2.380000)
Line (1.350000,-2.380000) (1.350000,-2.380000)
Line (1.350000,-2.380000) (1.350000,-2.380000)
Line (1.350000,-2.380000) (1.350000,-2.380000)
Line (1.350000,-2.380000) (1.350000,-2.380000)
Line (1.350000,-2.380000) (1.350000,-2.380000)
Line (1.350000,-2.380000) (1.350000,-2.380000)
Line (1.350000,-2.380000) (1.350000,-2.380000)
Line (1.350000,-2.380000) (1.350000,-2.380000)
Line (1.350000,-2.380000) (1.350000,-2.380000)
Line (1.350000,-2.380000) (1.350000,-2.380000)
Line (1.350000,-2.380000) (1.350000,-2.380000)
Line (1.350000,-2.380000) (1.350000,-2.380000)
Line (1.350000,-2.380000) (1.350000,-2.380000)
Line (1.350000,-2.380000) (1.350000,-2.380000)
Line (1.350000,-2.380000) (1.350000,-2.380000)
Line (1.350000,-2.380000) (1.350000,-2.380000)
Line (1.350000,-2.380000) (1.350000,-2.380000)
Line (1.350000,-2.380000) (1.350000,-2.380000)
Line (1.350000,-2.380000) (1.350000,-2.380000)
Line (1.350000,-2.380000) (1.350000,-2.380000)
Line (1.350000,-2.380000) (1.350000,-2.380000)
Line (1.350000,-2.380000) (1.350000,-2.380000)
Line (1.350000,-2.380000) (1.350000,-2.380000)
Line (1.350000,-2.380000) (1.350000,-2.380000)
Line (1.350000,-2.380000) (1.350000,-2.380000)
Line (1.350000,-2.380000) (1.350000,-2.380000)
Line (1.350000,-2.380000) (1.350000,-2.380000)
Line (1.350000,-2.380000) (1.350000,-2.380000)
Line (1.350000,-2.380000) (1.350000,-2.380000)
Line (1.350000,-2.380000) (1.350000,-2.380000)
Line (1.350000,-2.380000) (1.350000,-2.380000)
Line (1.350000,-2.380000) (1.350000,-2.380000)
Line (1.350000,-2.380000) (1.350000,-2.380000)
Line (1.350000,-2.380000) (1.350000,-2.380000)
Line (1.350000,-2.380000) (1.350000,-2.380000)
Line (1.350000,-2.380000) (1.350000,-2.380000)
Line (1.350000,-2.380000) (1.350000,-2.380000)
Line (1.350000,-2.380000) (1.350000,-2.380000)
Line (1.350000,-2.380000) (1.350000,-2.380000)
Line (1.350000,-2.380000) (1.350000,-2.380000)
Line (1.350000,-2.380000) (1.350000,-2.380000)
Line (1.350000,-2.380000) (1.350000,-2.380000)
Line (1.350000,-2.380000) (1.350000,-2.380000)
Line (1.350000,-2.380000) (1.350000,-2.380000)
Line (1.350000,-2.380000) (1.350000,-2.380000)
Line (1.350000,-2.380000) (1.350000,-2.380000)
Line (1.350000,-2.380000) (1.350000,-2.380000)
Line (1.350000,-2.380000) (1.350000,-2.380000)
Line (1.350000,-2.380000) (1.350000,-2.380000)
Line (1.350000,-2.380000) (1.350000,-2.380000)
Line (1.350000,-2.380000) (1.350000,-2.380000)
Line (1.350000,-2.380000) (1.350000,-2.380000)
Line (1.350000,-2.380000) (1.350000,-2.380000)
Line (1.350000,-2.380000) (1.350000,-2.380000)
Line (1.350000,-2.380000) (1.350000,-2.380000)
Line (1.350000,-2.380000) (1.350000,-2.380000)
Line (1.350000,-2.380000) (1.350000,-2.380000)
Line (1.350000,-2.380000) (1.350000,-2.380000)
Line (1.350000,-2.380000) (1.350000,-2.380000)
Line (1.350000,-2.380000) (1.350000,-2.380000)
Line (1.350000,-2.380000) (1.350000,-2.380000)
Line (1.350000,-2.380000) (1.350000,-2.380000)
Line (1.350000,-2.380000) (1.350000,-2.380000)
Line (1.350000,-2.380000) (1.350000,-2.380000)
Line (1.350000,-2.380000) (1.350000,-2.380000)
Line (1.350000,-2.380000) (1.350000,-2.380000)
Pen r
