Pen b
Line (1.360063,-2.280508) (1.352075,-2.380188)
Line (1.352075,-2.380188) (1.333995,-2.468356)
Line (1.333995,-2.468356) (1.333996,-2.478356)
Line (1.333996,-2.478356) (1.333996,-2.488356)
Line (1.333996,-2.488356) (1.334001,-2.498356)
Line (1.334001,-2.498356) (1.334006,-2.508356)
Line (1.334006,-2.508356) (1.334012,-2.518356)
Line (1.334012,-2.518356) (1.334018,-2.528356)
Line (1.334018,-2.528356) (1.334023,-2.538356)
Line (1.334023,-2.538356) (1.334028,-2.548356)
Line (1.334028,-2.548356) (1.334033,-2.558356)
Line (1.334033,-2.558356) (1.334038,-2.568356)
Line (1.334038,-2.568356) (1.334149,-2.558356)
Line (1.334149,-2.558356) (1.334151,-2.568356)
Line (1.334151,-2.568356) (1.334173,-2.578356)
Line (1.334173,-2.578356) (1.334201,-2.588356)
Line (1.334201,-2.588356) (1.334228,-2.598356)
Line (1.334228,-2.598356) (1.334255,-2.608356)
Line (1.334255,-2.608356) (1.334281,-2.618356)
Line (1.334281,-2.618356) (1.334299,-2.608356)
Line (1.334299,-2.608356) (1.334300,-2.618356)
Line (1.334300,-2.618356) (1.334301,-2.628356)
Line (1.334301,-2.628356) (1.334329,-2.638356)
Line (1.334329,-2.638356) (1.334354,-2.648356)
Line (1.334354,-2.648356) (1.334380,-2.658356)
Line (1.334380,-2.658356) (1.336694,-2.668085)
Line (1.336694,-2.668085) (1.336755,-2.658085)
Line (1.336755,-2.658085) (1.337159,-2.648093)
Line (1.337159,-2.648093) (1.337188,-2.638093)
Line (1.337188,-2.638093) (1.337245,-2.648093)
Line (1.337245,-2.648093) (1.337617,-2.658086)
Line (1.337617,-2.658086) (1.337628,-2.668086)
Line (1.337628,-2.668086) (1.337658,-2.678086)
Line (1.337658,-2.678086) (1.337660,-2.668086)
Line (1.337660,-2.668086) (1.337909,-2.658089)
Line (1.337909,-2.658089) (1.337920,-2.648089)
Line (1.337920,-2.648089) (1.337943,-2.638089)
Line (1.337943,-2.638089) (1.337943,-2.628089)
Line (1.337943,-2.628089) (1.337944,-2.618089)
Line (1.337944,-2.618089) (1.337952,-2.608089)
Line (1.337952,-2.608089) (1.337954,-2.618089)
Line (1.337954,-2.618089) (1.337955,-2.628089)
Line (1.337955,-2.628089) (1.337965,-2.618089)
Line (1.337965,-2.618089) (1.337970,-2.608089)
Line (1.337970,-2.608089) (1.338349,-2.618082)
Line (1.338349,-2.618082) (1.338353,-2.608082)
Line (1.338353,-2.608082) (1.338353,-2.618082)
Line (1.338353,-2.618082) (1.338354,-2.608082)
Line (1.338354,-2.608082) (1.338726,-2.618075)
Line (1.338726,-2.618075) (1.338730,-2.608075)
Line (1.338730,-2.608075) (1.338730,-2.618075)
Line (1.338730,-2.618075) (1.338736,-2.628075)
Line (1.338736,-2.628075) (1.338736,-2.618075)
Line (1.338736,-2.618075) (1.338736,-2.628075)
Line (1.338736,-2.628075) (1.338736,-2.618075)
Line (1.338736,-2.618075) (1.338736,-2.628075)
Line (1.338736,-2.628075) (1.338736,-2.638075)
Line (1.338736,-2.638075) (1.338742,-2.628075)
Line (1.338742,-2.628075) (1.338742,-2.638075)
Line (1.338742,-2.638075) (1.338743,-2.648075)
Line (1.338743,-2.648075) (1.338743,-2.658075)
Line (1.338743,-2.658075) (1.338751,-2.648075)
Line (1.338751,-2.648075) (1.338935,-2.658073)
Line (1.338935,-2.658073) (1.338940,-2.648073)
Line (1.338940,-2.648073) (1.339091,-2.658072)
Line (1.339091,-2.658072) (1.339098,-2.648072)
Line (1.339098,-2.648072) (1.339226,-2.658071)
Line (1.339226,-2.658071) (1.339228,-2.668071)
Line (1.339228,-2.668071) (1.339228,-2.678071)
Line (1.339228,-2.678071) (1.339229,-2.688071)
Line (1.339229,-2.688071) (1.339229,-2.698071)
Line (1.339229,-2.698071) (1.339230,-2.708071)
Line (1.339230,-2.708071) (1.339230,-2.718071)
Line (1.339230,-2.718071) (1.339264,-2.708071)
Line (1.339264,-2.708071) (1.339298,-2.718071)
Line (1.339298,-2.718071) (1.339328,-2.728071)
Line (1.339328,-2.728071) (1.339355,-2.738071)
Line (1.339355,-2.738071) (1.339381,-2.748071)
Line (1.339381,-2.748071) (1.339405,-2.758071)
Line (1.339405,-2.758071) (1.339429,-2.768071)
Line (1.339429,-2.768071) (1.339469,-2.758071)
Line (1.339469,-2.758071) (1.339485,-2.768071)
Line (1.339485,-2.768071) (1.339525,-2.758071)
Line (1.339525,-2.758071) (1.339539,-2.748071)
Line (1.339539,-2.748071) (1.339553,-2.738071)
Line (1.339553,-2.738071) (1.339564,-2.728071)
Line (1.339564,-2.728071) (1.339564,-2.718071)
Line (1.339564,-2.718071) (1.339569,-2.728071)
Line (1.339569,-2.728071) (1.339573,-2.718071)
Line (1.339573,-2.718071) (1.339575,-2.728071)
Line (1.339575,-2.728071) (1.339575,-2.738071)
Line (1.339575,-2.738071) (1.339576,-2.748071)
Line (1.339576,-2.748071) (1.339577,-2.758071)
Line (1.339577,-2.758071) (1.339594,-2.748071)
Line (1.339594,-2.748071) (1.339594,-2.758071)
Line (1.339594,-2.758071) (1.339595,-2.768071)
Line (1.339595,-2.768071) (1.339627,-2.778071)
Line (1.339627,-2.778071) (1.339630,-2.768071)
Line (1.339630,-2.768071) (1.339660,-2.778071)
Line (1.339660,-2.778071) (1.339667,-2.768071)
Line (1.339667,-2.768071) (1.339708,-2.758071)
Line (1.339708,-2.758071) (1.339712,-2.768071)
Line (1.339712,-2.768071) (1.360063,-2.280508)
Pen r
Line (0.660063,-2.280508) (0.660063,-2.280508)
